0.495335, 0.537378
0.497797, 0.547112
0.481647, 0.549876
0.487022, 0.533558
0.487022, 0.533558
0.485783, 0.525151
0.485783, 0.525151
0.485783, 0.525151
0.474724, 0.514062
0.47712, 0.507784
0.47712, 0.507784
0.47712, 0.507784
0.47712, 0.507784
0.467529, 0.490131
0.467529, 0.490131
0.463753, 0.477934
0.463753, 0.477934
0.459617, 0.45934
0.459617, 0.45934
0.455365, 0.452203
0.455365, 0.452203
0.452102, 0.437689
0.452102, 0.437689
0.441824, 0.435367
0.439085, 0.423664
0.439085, 0.423664
0.439085, 0.423664
0.431919, 0.406228
0.431919, 0.406228
0.431175, 0.391721
0.431175, 0.391721
0.422357, 0.390013
0.422357, 0.390013
0.422357, 0.390013
0.421914, 0.389743
0.421914, 0.389743
0.415275, 0.388325
0.406589, 0.386831
0.405514, 0.371498
0.405514, 0.371498
0.405049, 0.370421
0.405049, 0.370421
0.405049, 0.370421
0.398099, 0.365802
0.391969, 0.360478
0.391969, 0.360478
0.379402, 0.348713
0.387216, 0.340221
0.387216, 0.340221
0.386606, 0.334745
0.386606, 0.334745
0.386606, 0.334745
0.352406, 0.338408
0.349575, 0.321954
0.349575, 0.321954
0.349575, 0.321954
0.341597, 0.310868
0.341597, 0.310868
0.334417, 0.301452
0.334417, 0.301452
0.319807, 0.283068
0.319807, 0.283068
0.319807, 0.283068
0.317096, 0.2698
0.317096, 0.2698
0.316183, 0.261521
0.316183, 0.261521
0.316183, 0.261521
0.310082, 0.256545
0.310082, 0.256545
0.310082, 0.256545
0.288856, 0.253903
0.283654, 0.250806
0.283654, 0.250806
0.276993, 0.241174
0.276993, 0.241174
0.275218, 0.240345
0.266542, 0.235886
0.26387, 0.233676
0.26387, 0.233676
0.258824, 0.234118
0.258824, 0.234118
0.244647, 0.233064
0.229165, 0.219705
0.229165, 0.219705
0.227486, 0.215671
0.227486, 0.215671
0.225365, 0.216009
0.216515, 0.216057
0.216515, 0.216057
0.210193, 0.211741
0.210193, 0.211741
0.198119, 0.208363
0.198119, 0.208363
0.188003, 0.207792
0.188003, 0.207792
0.173654, 0.200138
0.173654, 0.200138
0.173654, 0.200138
0.165282, 0.204473
0.150165, 0.19814
0.150165, 0.19814
0.140053, 0.196507
0.140053, 0.196507
0.127274, 0.200085
0.123328, 0.187078
0.123328, 0.187078
0.123328, 0.187078
0.123328, 0.187078
0.123328, 0.187078
0.111354, 0.20212
0.105481, 0.195851
0.105481, 0.195851
0.0907903, 0.204022
0.0867361, 0.197362
0.0867361, 0.197362
0.0799809, 0.200442
0.0718899, 0.206675
0.0718899, 0.206675
0.0701817, 0.207193
0.0697593, 0.219497
0.051829, 0.218194
0.051829, 0.218194
0.0487885, 0.217818
0.0487885, 0.217818
0.0487885, 0.217818
0.0509224, 0.223672
0.0474241, 0.231016
0.0474241, 0.231016
0.0310797, 0.236374
0.0310797, 0.236374
