0.999163, 0.0899135
0.998687, 0.198304
0.998687, 0.198304
0.998687, 0.198304
0.998687, 0.198304
0.998687, 0.198304
0.990967, 0.212037
0.990967, 0.212037
0.990967, 0.212037
0.974922, 0.228209
0.974922, 0.228209
0.976234, 0.234922
0.976234, 0.234922
0.976807, 0.248706
0.964746, 0.257241
0.964746, 0.257241
0.964746, 0.257241
0.972985, 0.266635
0.972985, 0.266635
0.972985, 0.266635
0.984301, 0.290986
0.984301, 0.290986
0.9804, 0.300488
0.977547, 0.303628
0.977547, 0.303628
0.973548, 0.313502
0.971508, 0.314355
0.971508, 0.314355
0.965761, 0.325947
0.965761, 0.325947
0.965761, 0.325947
0.965761, 0.325947
0.976383, 0.332705
0.977643, 0.339182
0.977643, 0.339182
0.977538, 0.355619
0.977538, 0.355619
0.977538, 0.355619
0.993484, 0.351859
0.998665, 0.36559
0.998665, 0.36559
0.998665, 0.36559
0.998665, 0.36559
0.998665, 0.36559
0.998665, 0.36559
